3316320408
3424036845
3280489261
3315362869
3316334005
162180149
3306537175
2374271510
795475267
629951656
2502970082
2460040854
104974571
3316374824
2358602171
933689196
325364805
447108936
3316412611
3149045931
209906418
3425051039
3316371674
416227391
1011091478
3271882362
276144299
3300101299
2849002637
3316306825
3316120802
1633888602
1414607984
160231991
721374559
3316475687
3425099908
2558049638
3420277097
291781833
1917855864
2401936351
3316371014
2725250485
2925009899
25204116
3423166336
3311282271
3289187418
211384816
3425082514
106684551
3303087158
3353426998
3316308036
1315800841
49123734
3281942558
2595110644
3346071407
2172565242
3424985079
3304711416
3301442346
623219729
279762867
2882304929
3425089450
3134111076
3316405387
3424592457
3314441124
3129477216
3315903138
3198177554
1337639042
3420108209
3424236087
3183415255
423150082
2761288050
3166879758
3218073263
3424976793
1073286006
3009065912
340242288
2582890777
3424948611
2648541446